[travel-022.jpg]
moddate=266e63cffcb4d201
width=2048
height=1152
text=1;141;17;Traveller's  Mate;Algerian;0.130562,0.420855,0.111521,0.000000;v1,4278235837,4278255873,128.000000,1.000000,0.500000,1.000000,700,2,49152;;
textactive=1
