[travel-022.jpg]
backuphash=56865
text=1;141;17;Traveller's  mate;Algerian;0.048311,0.394111,0.166667,0.000000;v1,4287079088,4278255873,128.000000,1.000000,0.500000,1.000000,700,2,49152;;
textactive=1
